1 3 7 8 12 14 16
1 9 10 12 15 17 18
1 9 10 12 15 17 18
2 4 5 6 8 12 14 16 19
2 4 9 10 12 14 17 19
1 9 10 12 15 17 18
2 4 5 6 8 10 13 15 16
2 4 5 9 10 12 15 17 19
1 9 10 12 15 17 19
1 5 7 9 10 12 15 17 18
1 9 10 12 15 17 19
2 4 5 9 10 12 14 17 19
1 9 10 12 15 17 18
2 4 5 6 8 10 13 15 16 19
1 9 10 12 15 17 19
2 4 5 9 10 12 15 17 19
1 9 10 12 15 17 19
1 5 7 9 10 12 15 17 18
1 9 10 12 15 17 18
1 9 10 12 15 17 18
1 9 10 12 15 17 18
1 9 10 12 15 17 18
1 9 10 12 15 17 18
2 4 5 6 9 12 14 17 19
2 4 5 6 9 12 14 17 18
2 4 5 6 9 12 14 17 19
2 4 5 6 9 12 14 17 19
2 4 5 6 9 12 14 17 19
2 4 5 6 9 12 14 17 19
2 4 5 6 9 12 14 17 19
2 4 6 9 12 14 17 19
2 4 5 6 8 10 13 15 16
2 4 5 9 10 12 15 17
1 9 10 12 15 17 18
1 5 7 9 10 12 15 17 18
1 9 10 12 15 17 19
2 4 5 9 10 12 14 17 19
1 9 10 12 15 17 18
2 4 5 6 8 10 13 15 16
1 9 10 12 15 17 19
2 4 5 9 10 12 15 17 19
1 9 10 12 15 17 18
1 5 7 9 10 12 15 17 18
2 4 5 6 8 10 13 15 16 19
2 4 5 9 10 12 15 17 19
1 9 10 12 15 17 18
1 5 7 9 10 12 15 17 18
1 9 10 12 15 17 18
2 4 9 10 12 14 17 19
1 9 10 12 15 17 18
2 4 5 6 8 10 13 15 16 19
1 9 10 12 15 17 18
2 4 5 9 10 12 15 17 19
1 9 10 12 15 17 18
1 5 7 9 10 12 15 17 19
1 9 10 12 15 17 18
1 9 10 12 15 17 18
1 9 10 12 15 17 18
1 9 10 12 15 17 18
1 9 10 12 15 17 18
2 4 5 6 9 12 14 17 18
2 4 5 6 9 12 14 17 19
2 4 5 6 9 12 14 17 19
2 4 5 6 9 12 14 17 19
2 4 5 6 9 12 14 17 19
2 4 5 6 9 12 14 17 19